$ANSIBLE_VAULT;1.1;AES256
34383862623761623835366331303931343838636339653339633534373938313362303963396333
3765333238383962333533363966373839333363303139390a313332653932653033306434396639
64623666343735636334636265346239386535343062383230373636363339396633333764613064
6165306531373837660a656264626562613565333433636363663034336136623331333631353036
35376230353263623830373036313063653266323938316135363462326430326137393635343437
30393537393566666562633164643234333837326365343830326166623033366265393235306130
61323134336661653333316565386338363164656661623464356266623738616262643065386166
30366264613566343463313965336330393037393034343463353238343634663831306331383034
61303730636436303037363861393336343434323734396230633434343633343564383538636635
63376431663861336337626433336662313637623565343538623461333065326166346366363033
39303936383363316666323836613530653132323432633230343333636161663262623330353437
66666635646463366462373139346632373066633338326163643965383365623632326462386261
38396366643764633932386662383037636261353832396632663237363230346430326666666430
35373266333262626634333236363937633231613936376639343333323962613664613032366637
65363138646532313534303062613633376130663265646335623533393261363862633763326535
33303464383266306136616537323664663137623336336535616532353739326264633466613731
65376535613033373531366237386564616635326161646163616330316363326364353333326231
33336235383236613638343466383433393963393536346331323666666665303735626536653939
39363936323937633463353837323564383931356639323364333233356565303037323930623236
65616333666262333038323363623539663132333636356535656338633837623264316533333439
65386336393938353033383864663739616361326166303436393838313435643365353465353464
37386562333764373564383062313764393836626233393234313737393339646165326566386431
62316534653863363362306562656132656635613838663033306133373663313436386434643335
36396132336666636235303136373438616165626139343434366362363933346230373932363737
32663231343236323938346232353364353632633762383636313365336165393339333964623235
3931633436373665363464343863303832313832393139336137
